function[] = pll()
y=[359,366,364,364,365,365,362,363,364,360,362,366,357,363,364,357,363,364,365,360,357,361,365,364,358,363,360,361,358,361,355,361,362,366,359,358,361,359,361,361,365,362,363,365,359,364,361,367,359,369,357,359,367,361,358,365,357,362,359,362,362,363,355,358,365,358,357,357,360,363,362,360,357,366,358,366,361,366,360,363,360,360,362,362,357,363,356,358,360,363,360,357,363,357,363,357,365,359,362,365,360,365,359,357,358,363,357,363,363,359,365,360,359,361,361,360,365,360,357,360,363,363,359,361,361,365,359,357,357,365,358,361,360,365,367,358,364,365,363,359,363,358,365,364,364,358,361,358,361,359,359,360,363,363,360,358,360,361,359,359,365,360,365,359,363,359,361,367,358,364,363,360,358,366,361,366,362,357,359,365,363,361,366,365,358,361,360,365,364,360,361,360,363,358,364,361,362,361,359,362,359,366,366,365,359,358,366,366,358,366,370,360,357,363,364,361,360,361,360,359,362,364,364,360,359,362,361,363,365,359,359,361,359,366,357,360,365,357,358,363,362,366,364,360,363,359,358,366,357,364,359,358,363,361,362,365,362,363,359,365,363,354,363,357,358,366,359,358,360,365,358,365,365,365,362,361,358,358,361,363,362,358,359,364,357,359,362,356,362,363,361,370,361,363,365,358,363,360,356,362,363,363,365,357,359,359,362,363,363,363,362,363,355,364,359,358,363,360,359,357,364,364,360,366,365,364,363,362,365,359,359,366,360,366,356,366,365,358,359,366,364,357,366,364,366,358,359,366,364,357,355,360,360,363,362,360,366,358,364,363,361,368,365,364,366,362,362,364,365,362,362,362,362,364,364,366,363,353,358,365,364,359,362,360,366,366,362,360,358,359,361,362,355,363,368,363,359,367,362,365,359,365,361,362,364,359,365,365,357,364,358,358,357,366,357,364,355,355,358,364,360,358,365,365,367,356,358,363,366,366,362,361,357,366,367,362,360,363,359,360,363,364,363,359,364,366,366,356,365,362,359,363,362,364,358,359,358,361,365,358,365,363,360,357,364,361,364,360,363,357,358,362,358,359,359,360,362,360,364,365,362,365,363,366,361,360,361,360,358,360,365,365,362,364,356,362,364,359,366,362,364,367,366,363,357,365,364,362,361,361,366,361,363,365,360,361,364,363,362,361,361,360,358,362,366,357,363,361,364,361,357,364,360,359,363,362,358,365,366,366,360,359,364,366,359,361,366,354,366,358,359,355,359,358,359,362,356,366,358,362,357,357,360,361,360,363,367,356,361,358,362,362,359,359,364,364,361,361,364,358,364,361,364,361,360,364,362,359,360,363,364,362,361,364,364,365,363,359,358,363,362,357,365,361,357,359,366,358,364,362,363,367,362,359,364,358,359,362,360,366,361,364,356,364,363,365,364,362,361,366,364,363,358,358,362,359,364,365,357,362,353,361,367,366,363,359,355,364,364,365,357,359,364,360,365,361,363,361,360,364,366,363,363,359,364,364,359,365,360,363,366,358,364,358,365,361,362,364,360,362,365,359,359,366,360,366,362,360,364,361,362,366,363,357,361,364,358,364,362,364,356,361,356,365,359,363,360,357,364,361,363,363,363,363,361,364,357,366,361,359,359,358,359,363,356,365,362,365,362,357,360,366,361,360,365,365,362,366,365,364,358,364,366,366,363,364,368,358,358,361,363,362,362,363,361,363,361,360,364,360,366,360,366,358,359,365,363,364,361,367,360,360,360,356,360,358,360,361,364,357,355,358,357,365,364,359,362,364,363,358,361,363,367,363,363,359,365,362,365,360,360,360,360,366,358,361,356,360,366,358,364,364,363,365,359,365,357,366,359,362,367,366,362,365,356,362,360,363,359,366,360,365,357,359,358,358,365,361,359,358,358,362,366,357,364,360,360,359,360,361,358,360,361,358,365,356,359,360,360,360,366,365,360,358,366,364,360,358,363,364,365,362,360,359,360,355,365,362,366,359,356,365,358,357,367,358,358,358,361,362,361,358,365,358,357,365,363,358,362,360,360,360,366,364,360,361,363,359,366,362,357,367,362,363,358,357,363,361,360,359,366,363,366,365,364,367,364,362,367,359,365,364,364,366,358,365,361,366,357,364,363,359,364,359,360,363,364,362,361,365,365,365,359,359,364,359,361,365,358,359,366,364,361,366,358,359,358,363,365,361,361,364,358,360,365,366,362,359,362,365,365,363,364,365,361,359,365,362,355,366,361,367,358,367,358,359,365,359,363,360,363,360,361,362,358,365,358,363,366,364,365,358,358,363,359,360,359,362,357,358,360,364,367,359,365,358,360,363,361,362,360,363,357,365,366,364,362,357,365,364,359,361,357,362,360,358,363,359,360,363,363,362,362,363,355,362,363,360,357,362,363,357,368,361,362,365,357,364,357,358,358,362,358,359,357,363,360,363,364,360,361,356,364,365,361,367,366,358,367,362,363,364,361,366,359,363,365,358,359,358,365,363,365,363,362,365,361,361,363,365,365,359,362,361,365,367,363,367,359,360,359,364,363,366,363,365,363,358,357,358,365,359,365,360,357,361,363,358,361,361,359,368,360,365,358,361,366,364,364,359,359,362,357,364,366,360,367,359,364,361,366,361,358,367,363,362,366,363,361,364,359,356,365,361,361,366,361,361,361,363,365,364,359,364,363,366,360,366,359,357,359,358,360,363,367,362,358,365,364,358,362,361,363,362,358,358,366,359,360,358,362,360,359,363,360,366,359,366,366,363,365,364,360,358,361,365,364,364,361,362,356,365,366,365,367,363,358,360,363,359,364,360,362,361,365,361,365,359,359,358,363,358,358,361,360,362,365,362,362,365,362,367,364,357,361,358,365,363,363,360,367,360,364,365,361,361,364,359,364,363,364,356,365,365,359,363,359,356,366,358,362,361,362,358,366,358,361,366,364,365,359,361,359,361,359,361,363,364,359,361,366,364,359,365,369,358,361,366,358,366,359,358,358,360,363,361,360,364,367,362,366,357,358,357,363,365,360,366,367,361,358,360,355,361,358,363,359,365,360,361,360,361,368,361,361,361,360,359,361,363,356,366,363,360,360,365,360,358,360,355,362,359,361,367,367,357,361,366,365,361,359,360,358,361,364,355,358,363,355,359,358,358,368,361,361,362,360,360,358,367,364,362,362,360,359,363,367,362,360,356,365,358,362,363,361,357,358,366,359,359,362,367,364,359,363,359,360,364,365,364,358,359,360,364,365,366,362,360,362,359,358,362,361,363,358,362,362,359,359,362,364,366,365,363,361,359,358,365,362,359,361,358,363,368,360,368,366,361,366,361,360,363,357,361,361,360,360,362,364,359,364,359,360,360,361,362,363,359,361,365,365,360,367,365,365,362,364,358,366,366,362,364,359,359,358,364,358,362,361,360,360,365,363,365,364,367,361,362,359,358,363,365,362,364,366,363,357,362,357,357,364,363,359,361,367,358,368,359,358,359,362,358,362,363,358,361,363,361,363,361,360,362,362,365,358,360,362,357,364,358,363,357,364,360,358,362,364,366,359,364,358,369,364,361,360,358,363,365,367,364,359,363,362,362,359,360,364,366,358,362,360,368,357,358,361,365,366,364,363,364,363,364,362,361,358,359,361,366,358,364,361,358,364,361,363,366,365,357,365,359,361,363,357,358,366,365,360,359,363,362,357,368,359,364,362,365,363,358,359,361,364,367,357,362,367,368,362,364,359,365,365,360,362,364,360,362,359,359,358,360,362,365,366,358,365,361,363,363,361,365,363,362,358,361,367,360,358,363,361,358,369,358,362,361,364,359,360,358,357,365,364,363,359,366,362,360,358,367,360,365,367,358,362,358,355,364,365,358,364,366,358,366,358,362,359,362,361,356,363,363,357,358,360,358,363,358,366,363,365,359,365,360,365,360,363,357,359,358,364,361,366,358,367,363,366,358,359,363,361,362,360,366,365,358,360,357,363,363,357,360,366,361,358,359,365,355,364,358,363,365,364,359,360,361,358,357,360,366,363,359,367,357,366,363,361,360,364,358,362,363,360,365,360,358,363,364,361,357,360,364,361,364,365,360,365,366,364,361,360,362,365,363,363,363,358,366,361,365,360,360,357,363,360,364,358,360,362,358,367,362,363,361,360,361,364,365,360,364,363,361,362,366,365,364,360,368,366,361,365,362,360,364,356,362,360,366,358,358,362,365,358,358,363,359,359,362,364,359,357,363,365,365,366,365,363,365,358,364,361,357,361,361,362,362,365,365,361,356,360,358,361,367,360,364,358,362,359,364,361,361,365,363,364,359,366,359,358,366,359,355,363,358,361,362,364,363,365,358,360,362,367,360,364,359,367,363,358,366,368,365,360,359,359,360,355,367,361,366,361,362,362,359,361,364,358,359,365,359,359,360,362,364,365,368,358,359,357,364,359,366,359,358,367,362,369,360,359,356,357,366,359,366,358,359,361,367,360,363,366,360,359,364,365,366,358,365,355,359,365,361,364,363,360,361,